45 106 1
48 6 1
81 57 1
10 106 1
108 76 1
53 62 1
85 77 2
90 61 1
16 30 1
107 64 1
8 1 1
9 63 1
87 64 1
62 106 1
6 38 1
98 23 3
85 46 1
49 2 1
107 83 1
3 103 1
5 20 1
24 61 1
107 27 1
35 103 1
104 24 1
91 79 1
85 60 1
35 17 1
43 14 2
29 17 1
19 94 1
66 7 1
52 22 1
104 65 1
103 23 1
104 91 1
48 16 1
58 46 1
6 108 1
44 30 1
18 92 1
83 49 1
2 62 1
83 95 4
4 23 1
83 12 1
41 87 1
4 106 1
6 103 1
43 6 1
9 22 1
53 36 1
87 61 1
41 84 1
23 73 1
29 35 1
0 34 1
17 109 1
17 74 1
13 107 1
75 30 1
9 103 1
5 102 1
41 30 1
23 1 1
45 23 1
107 110 1
40 91 1
70 64 1
104 36 2
78 24 1
53 39 1
24 17 1
2 103 1
58 31 1
90 0 1
92 94 1
82 86 1
108 59 1
80 83 1
14 98 1
87 54 1
6 1 1
70 8 1
67 92 1
104 10 1
48 60 1
17 93 1
13 5 1
10 65 2
90 30 1
51 75 1
50 30 1
91 54 1
43 76 1
81 31 1
103 17 1
100 66 1
36 46 1
58 102 1
48 44 1
46 31 1
100 50 2
107 25 1
71 54 1
12 95 1
84 67 1
96 1 1
45 95 1
65 76 1
36 37 1
84 85 2
64 60 1
103 92 1
78 97 1
110 102 1
59 65 1
52 76 1
69 8 1
52 96 1
104 93 1
78 50 1
80 84 1
83 91 2
5 110 1
78 46 1
43 10 3
104 56 1
71 35 1
107 33 1
107 61 1
82 22 1
83 7 1
91 105 1
36 70 1
62 103 1
71 61 1
110 31 1
90 46 1
85 23 1
25 110 1
107 57 1
100 97 1
18 51 1
109 61 2
60 30 2
25 66 1
67 87 1
83 5 2
62 32 1
95 79 1
19 92 1
15 60 1
90 33 1
9 3 1
104 97 1
91 23 1
16 8 1
43 69 1
48 84 1
14 108 1
50 75 1
90 75 1
72 15 1
55 14 1
56 24 1
82 42 1
12 40 1
88 98 1
82 68 1
38 23 3
23 65 1
8 60 1
46 95 1
81 51 1
90 58 1
101 95 1
6 19 1
91 46 1
83 62 3
21 93 1
49 22 1
38 15 1
50 93 1
2 42 1
26 90 1
23 15 2
100 7 2
50 66 1
100 25 1
98 85 1
83 25 1
20 103 1
55 10 1
56 54 1
52 91 1
90 35 1
83 94 1
83 4 2
20 102 1
13 90 1
43 38 3
61 74 1
106 32 1
44 20 1
43 95 1
67 94 1
82 95 1
87 17 1
90 17 1
108 1 1
5 57 1
21 100 1
13 110 1
23 30 2
88 76 1
24 54 1
63 101 1
44 41 1
43 15 1
5 92 1
88 38 1
48 19 1
46 102 1
107 75 1
103 32 1
52 38 1
33 17 1
83 9 2
88 59 1
36 98 2
92 51 1
72 8 1
6 16 1
1 76 1
56 93 1
85 92 1
78 93 1
71 23 1
23 76 2
6 60 1
67 20 1
108 98 1
0 74 1
84 94 1
89 91 1
107 66 1
27 109 2
72 23 1
87 77 1
25 57 1
69 10 1
107 18 1
105 95 1
69 98 1
83 110 1
13 25 1
96 16 1
49 40 1
6 46 1
57 31 1
71 24 1
104 96 1
89 79 1
94 77 1
3 22 1
100 91 2
83 106 2
13 57 1
62 79 1
104 30 2
48 107 1
103 34 1
26 50 1
81 67 1
104 26 1
49 91 1
92 77 1
48 70 1
34 74 1
81 46 1
34 109 2
50 7 1
65 8 1
56 46 1
46 23 2
36 62 1
46 77 1
29 0 1
14 10 1
85 73 1
36 64 1
84 64 1
107 72 1
37 1 1
97 61 1
83 58 1
43 47 1
85 1 1
90 109 2
110 66 1
101 103 1
64 8 1
55 106 1
56 90 1
6 55 1
12 62 1
40 79 1
2 106 1
80 85 1
14 38 1
13 18 1
83 23 3
107 5 1
90 23 1
48 72 1
26 66 1
13 102 1
83 92 1
3 23 1
9 105 1
56 91 1
69 14 1
6 10 1
44 83 1
83 57 1
107 35 1
39 23 1
65 73 1
46 51 1
49 68 1
13 81 1
104 55 1
104 85 1
90 24 1
69 85 1
20 51 1
72 60 1
12 101 1
83 38 1
107 21 1
100 46 2
34 61 1
44 85 2
14 59 1
52 10 1
83 101 2
53 55 1
58 57 1
82 2 1
43 62 1
98 1 1
48 64 1
107 102 1
4 82 1
83 39 2
3 91 1
107 19 1
38 98 2
47 98 1
29 24 1
72 38 1
52 82 1
23 8 2
6 47 1
43 36 3
20 31 1
89 101 1
98 59 1
52 8 1
62 10 1
36 30 1
45 39 1
72 46 1
6 98 1
33 54 1
58 25 1
37 15 1
2 39 1
42 86 1
108 65 1
2 23 1
33 97 1
53 45 1
71 17 1
72 37 1
43 39 1
87 60 1
90 34 1
95 68 1
45 32 1
25 7 1
78 7 1
72 16 1
37 76 1
56 33 1
6 73 1
59 76 1
49 89 1
90 97 1
106 95 1
87 97 1
49 62 1
21 78 1
14 47 1
42 22 1
110 57 1
24 93 1
85 16 1
36 106 1
26 58 1
83 75 1
49 86 1
9 101 1
29 34 1
19 103 1
43 108 2
30 77 1
56 30 1
86 95 1
43 53 1
59 1 1
81 92 1
46 7 1
0 109 2
78 30 1
83 55 2
23 16 1
83 85 1
33 93 1
55 38 1
18 20 1
101 79 1
91 62 1
44 67 1
55 45 1
80 5 1
58 75 1
29 109 2
9 11 1
6 36 2
40 62 1
96 23 2
52 108 1
87 93 1
107 46 2
71 50 1
44 103 1
52 32 1
53 2 1
90 7 1
4 68 1
72 64 1
44 92 1
17 54 1
59 8 1
89 62 1
41 94 1
104 17 1
16 15 1
94 102 1
44 84 1
87 103 2
33 35 1
54 61 1
43 59 1
5 58 1
108 10 1
48 30 2
46 70 1
89 103 1
43 106 1
10 76 1
6 65 1
6 85 2
36 96 1
36 55 1
80 20 1
87 109 2
42 23 1
37 8 1
22 68 1
4 22 1
71 97 1
43 1 1
107 74 1
39 32 1
49 23 1
89 42 1
4 42 1
50 23 1
11 95 1
83 42 1
57 75 1
9 91 1
13 46 1
52 4 1
4 95 1
104 88 1
91 75 1
88 52 1
52 68 1
24 103 1
46 94 1
90 110 1
52 15 1
84 70 1
84 103 1
20 85 1
67 30 1
10 59 1
21 56 1
38 16 1
98 76 1
83 53 2
48 85 2
29 90 1
33 87 1
69 1 1
86 32 1
91 93 1
71 33 1
38 45 1
3 42 1
42 68 1
91 66 1
36 45 1
86 39 1
66 75 1
42 95 1
18 5 1
46 66 1
103 97 1
90 87 1
10 73 1
5 25 1
54 23 1
3 62 1
107 34 1
80 103 1
80 57 1
6 14 1
85 65 1
89 40 1
107 41 1
88 23 2
104 16 1
67 85 1
87 30 2
52 42 1
90 27 1
18 67 1
24 97 1
56 50 1
96 10 1
46 75 1
38 62 1
43 4 1
22 95 1
14 23 1
9 62 1
81 94 1
104 64 1
32 23 1
38 46 1
104 60 1
65 1 1
85 10 1
52 3 1
7 30 1
55 98 1
53 42 1
23 68 1
62 45 1
104 100 1
104 37 1
38 37 1
46 64 1
96 8 1
14 8 1
41 77 1
44 81 1
82 23 1
9 89 1
20 77 1
104 83 1
5 46 1
85 8 1
44 94 1
96 15 1
100 23 2
107 24 1
18 110 1
104 98 2
72 30 1
32 68 1
81 20 1
98 8 2
108 85 1
47 65 1
27 74 1
21 91 1
85 87 2
26 91 1
107 87 2
4 62 1
71 87 1
103 61 1
37 23 2
9 40 1
97 93 1
84 77 1
98 37 1
25 51 1
7 75 1
69 59 1
55 62 1
6 72 1
42 32 1
98 10 2
3 86 1
83 67 1
6 107 1
91 103 1
104 43 3
91 22 1
38 8 2
29 33 1
35 87 1
52 103 1
6 70 1
71 46 1
49 103 1
69 47 1
46 57 1
47 108 1
8 73 1
84 19 1
18 46 1
33 78 1
21 54 1
100 51 1
44 46 1
26 7 1
53 106 1
103 0 1
81 77 1
40 95 1
66 30 1
39 106 1
51 31 1
83 26 1
107 109 2
92 46 1
41 64 1
104 78 1
78 23 1
47 73 1
6 69 1
6 23 1
6 59 1
11 40 1
62 68 1
0 61 1
82 106 1
14 73 1
47 1 1
69 76 1
24 87 1
22 23 1
93 30 1
62 86 1
52 2 1
53 86 1
104 72 1
69 23 1
100 33 1
35 61 1
3 101 1
87 46 1
48 46 1
89 3 1
9 79 1
89 86 1
94 31 1
100 75 1
25 75 1
63 91 1
36 14 1
35 54 1
104 54 1
98 65 1
104 33 1
6 30 2
104 59 1
107 100 1
18 94 1
92 102 1
104 71 1
26 23 1
86 22 1
52 59 1
38 65 1
29 103 1
47 85 1
67 77 1
10 23 3
90 66 1
15 30 1
28 40 1
80 77 1
80 31 1
83 20 1
83 102 2
44 87 1
20 92 1
90 25 1
29 87 1
56 97 1
43 85 1
56 71 1
104 6 1
48 103 1
10 8 1
107 81 1
107 97 1
78 54 1
43 72 1
64 16 1
90 74 1
82 32 1
44 77 1
21 35 1
62 39 1
69 73 1
12 9 1
4 32 1
3 68 1
82 39 1
49 101 1
13 100 1
83 63 1
23 95 1
110 46 1
35 109 1
35 74 1
90 100 2
88 36 1
4 2 1
55 39 1
78 91 1
86 68 1
83 30 1
40 105 1
37 96 1
103 54 1
53 32 1
83 77 1
6 8 2
78 17 1
72 70 1
25 30 1
53 23 1
2 86 1
16 60 1
56 100 1
88 15 1
48 41 1
94 30 1
38 60 1
103 86 1
58 110 1
83 82 2
100 78 1
21 71 1
107 58 1
104 23 3
69 108 1
26 100 2
33 24 1
107 7 1
103 22 1
41 67 1
83 18 1
52 62 1
71 93 1
90 91 1
12 3 1
73 76 1
7 23 1
100 93 1
46 30 3
19 87 1
36 39 1
85 94 1
12 91 1
104 8 2
5 51 1
103 77 1
107 8 1
4 45 1
53 4 1
66 51 1
10 1 1
57 51 1
10 45 1
104 21 1
83 2 1
35 24 1
88 37 1
52 83 1
43 55 2
83 32 2
100 58 1
88 10 1
80 67 1
4 39 1
49 82 1
100 30 2
29 27 1
92 31 1
63 89 1
55 95 1
52 9 1
44 19 1
104 45 1
18 57 1
64 30 2
43 65 1
21 97 1
36 85 1
52 89 1
20 94 1
1 73 1
107 30 2
107 60 1
83 19 1
110 75 1
43 45 2
84 87 1
96 76 1
83 86 1
40 46 1
21 23 1
25 31 1
13 83 1
35 97 1
83 98 1
87 34 1
107 70 1
62 22 1
107 0 1
98 96 1
80 44 1
70 16 1
19 30 1
35 34 1
91 95 1
6 64 1
27 0 1
56 26 1
21 33 1
26 75 1
64 15 1
41 85 2
24 74 1
38 96 1
91 50 1
106 23 1
25 102 1
52 98 1
91 42 1
29 74 1
88 108 1
80 46 1
40 99 1
100 54 1
41 60 1
46 50 1
14 85 1
108 8 1
36 23 2
51 102 1
110 51 1
36 10 1
81 85 1
43 88 1
36 15 1
101 91 1
43 98 3
18 81 1
36 16 1
91 7 1
101 46 1
104 35 1
110 7 1
12 89 1
85 59 1
102 31 1
33 103 1
2 95 1
17 61 1
70 60 1
53 68 1
83 41 1
87 74 1
83 79 1
21 61 1
21 17 1
5 75 1
83 81 1
2 22 1
4 86 1
101 105 1
19 70 1
90 103 1
53 95 1
53 82 1
83 46 2
80 18 1
82 103 1
56 23 1
52 86 1
59 73 1
85 30 3
6 84 1
40 101 1
98 45 1
104 15 1
46 16 1
71 78 1
104 38 2
104 47 1
80 102 1
52 1 1
19 77 1
13 51 1
37 10 1
29 61 1
58 30 1
56 78 1
62 23 3
69 65 1
13 66 1
70 30 2
107 85 2
41 103 1
22 32 1
41 70 1
66 57 1
85 103 2
39 68 1
21 87 1
46 93 1
100 71 1
91 30 1
88 69 1
97 54 1
80 19 1
58 51 1
6 87 1
13 58 1
2 68 1
47 59 1
90 50 1
36 38 2
43 8 2
38 10 2
38 106 1
54 93 1
6 41 1
13 75 1
3 95 1
20 57 1
72 96 1
26 46 1
9 95 1
87 70 1
46 8 1
36 60 1
80 92 1
107 31 1
32 95 1
83 51 1
83 68 2
35 93 1
18 102 1
82 62 1
43 73 1
98 73 2
103 95 1
101 62 1
81 102 1
63 40 1
52 73 1
109 74 2
62 95 2
107 29 1
58 7 1
3 40 1
26 78 1
83 36 2
47 8 1
37 30 1
83 50 1
27 34 1
108 23 1
13 31 1
19 67 1
107 90 2
83 66 1
43 96 1
83 31 1
43 83 2
104 46 2
107 84 1
10 39 1
103 74 1
100 110 1
52 49 1
47 23 2
47 38 1
103 68 1
46 15 1
107 17 1
47 10 1
26 110 1
49 42 1
107 103 2
88 96 1
81 5 1
18 31 1
58 66 1
103 109 2
103 42 1
49 9 1
86 23 1
52 37 1
89 95 1
43 52 1
2 32 1
85 76 1
59 23 1
11 101 1
83 45 2
62 42 1
36 72 1
8 30 1
47 76 1
21 24 1
56 7 1
18 25 1
104 106 1
18 77 1
107 54 1
36 8 1
8 15 1
37 16 1
38 85 1
85 70 1
52 69 1
5 31 1
46 60 1
26 30 1
19 85 2
48 87 1
52 23 3
33 61 1
67 46 1
92 57 1
39 95 1
107 51 1
88 1 1
83 103 2
83 89 2
104 52 1
49 3 1
8 76 1
89 22 1
104 70 1
38 30 1
88 73 1
14 65 1
98 15 1
3 2 1
13 20 1
43 23 4
26 25 1
55 23 1
97 17 1
104 50 1
83 3 1
57 102 1
83 90 1
101 99 1
21 50 1
103 30 1
41 19 1
66 23 1
103 27 1
52 95 1
83 84 1
85 64 1
83 40 2
80 94 1
107 16 1
67 103 1
20 46 1
63 95 1
84 30 1
67 31 1
103 94 1
69 96 1
83 22 1
43 37 1
104 14 1
80 81 1
49 95 1
83 100 1
93 23 1
108 73 1
97 23 1
71 91 1
83 10 2
